LMSMR2
05 01 2003
00 00
1 0 3 4
001 00000 000
200 002 061            
000 000 000
LMSMR2
05 01 2003
00 00
1 0 6 4
001 00000 000
200 002 061            
000 000 000
LMSMR2
05 01 2003
00 00
1 0 9 4
001 00000 000
200 002 061            
000 000 000
LMSMR2
05 01 2003
00 00
1 0 12 4
001 00000 000
200 002 061            
000 000 000
LMSMR2
05 01 2003
00 00
1 0 15 4
001 00000 000
200 002 061            
000 000 000
LMSMR2
05 01 2003
00 00
1 0 18 4
001 00000 000
200 002 061            
000 000 000
LMSMR2
05 01 2003
00 00
1 0 21 4
001 00000 000
200 002 061            
000 000 000
LMSMR2
05 01 2003
00 00
1 0 24 4
001 00000 000
200 002 061            
000 000 000
