200   2  61 'B13011'   0.     1. tp_lm
200   2  11 'B12101'   0.     1. t_lm
200   2  17 'B12103'   0.     1. td_lm
200   2  52 'B13003'   0.     1. rh_lm
200   2  33 'B11003'   0.    10. u_lm
200   2  34 'B11004'   0.    10. v_lm
200   2  31 'B11001'   0.     1. dd_lm
200   2  32 'B11002'   0.    10. ff_lm
200   2   2 'B10051'   0.    10. mslp_lm
200   2  71 'B20010'   0.     1. tcc_lm
200   2   6 'B10003'   0.     1. z_lm
 80   2  61 'B13011'   0.     1. tp_cleps
 80   3  20 'B20001'   0.     1. vis_cleps
 98 128 228 'B13011'   0.  1000. tp_ec
 98 128 167 'B12101'   0.     1. t_ec
 98 128 168 'B12103'   0.     1. td_ec
 98 128 157 'B13003'   0.     1. rh_ec
 98 128 165 'B11003'   0.    10. u_ec
 98 128 166 'B11004'   0.    10. v_ec
 98 128  44 'B11001'   0.     1. dd_ec
 98 128 207 'B11002'   0.    10. ff_ec
 98 128 151 'B10051'   0.    10. mslp_ec
 98 128 164 'B20010'   0.     1. tcc_ec
200 140 229 'B22070'   0.     1. swh
200 140 230 'B22001'   0.    10. mwd
200 140 231 'B22071'   0.    10. tp
200 140 232 'B22074'   0.    10. tm
